A

A =

     3     7     3     1     8     3
     5    10     8     4     2     5
     9     6    20    13    -3    11
    12     9     5     2     7     6
     4     2     7     7     9    12
    -9     1     9    -5    14     4

A1

A1 =

     3
    10
    20
     2
     9
     4

A2

A2 =

    10     8
     6    20
     9     5